4294967279,112
4294967279,114
4294967279,113
4294967279,317
4294967278,323
4294967279,556
4294967279,116
4294967279,115
4294967279,307
4294967279,165
4294967279,121
4294967279,120
4294967279,119
4294967279,118
4294967279,117
4294967278,321
4294967279,555
4294967278,163
4294967279,163
4294967279,128
4294967279,127
4294967279,126
4294967279,125
4294967279,124
4294967279,123
4294967279,122
4294967278,312
4294967279,292
4294967278,161
4294967279,161
4294967279,291
4294967278,299
4294967278,298
4294967279,315
4294967278,297
4294967279,156
4294967279,290
4294967278,311
4294967278,320
4294967279,132
4294967279,131
4294967279,130
4294967279,129
4294967278,296
4294967279,305
4294967278,151
4294967279,150
4294967278,4
4294967278,295
4294967279,304
4294967278,294
4294967278,7
4294967278,6
4294967278,5
4294967279,303
4294967278,310
4294967279,314
4294967278,319
4294967279,302
4294967278,309
4294967279,145
4294967278,8
4294967278,318
4294967278,293
4294967279,143
4294967278,11
4294967278,10
4294967278,9
4294967278,292
4294967279,311
4294967278,317
4294967278,12
4294967279,286
4294967278,291
4294967279,310
4294967278,140
4294967278,16
4294967278,15
4294967278,14
4294967278,13
4294967279,296
4294967278,303
4294967279,138
4294967278,24
4294967278,22
4294967278,21
4294967278,20
4294967278,284
4294967278,19
4294967278,275
4294967278,18
4294967278,17
4294967278,138
4294967279,272
4294967278,277
4294967279,136
4294967278,23
4294967278,308
4294967279,301
4294967278,134
4294967279,133
4294967279,271
4294967279,267
4294967279,279
4294967279,280
4294967278,30
4294967278,29
4294967278,28
4294967278,27
4294967278,26
4294967278,25
4294967279,278
4294967279,264
4294967279,263
4294967278,51
4294967278,50
4294967278,49
4294967278,48
4294967278,47
4294967278,46
4294967278,45
4294967278,44
4294967278,43
4294967278,42
4294967278,41
4294967278,40
4294967278,39
4294967278,38
4294967278,37
4294967278,36
4294967278,35
4294967278,34
4294967278,33
4294967278,32
4294967278,31
4294967279,61
4294967279,59
4294967279,58
4294967279,56
4294967279,55
4294967279,53
4294967279,52
4294967279,50
4294967279,48
4294967279,46
4294967279,45
4294967279,44
4294967279,43
4294967279,42
4294967279,41
4294967279,39
4294967279,37
4294967279,35
4294967279,33
4294967279,30
4294967279,29
4294967279,23
4294967279,22
4294967279,19
4294967279,16
4294967279,14
4294967279,13
4294967279,12
4294967294,30
4294967294,61
4294967279,262
4294967294,12
4294967294,11
4294967279,11
4294967279,259
4294967279,258
4294967279,257
4294967279,274
4294967279,255
4294967279,281
4294967279,253
4294967278,258
4294967278,257
47,4
47,3
47,2
47,1
4294967279,554
4294967278,344
4294967294,1012
4294967294,179
4294967294,188
4294967294,162
4294967279,553
4294967278,343
4294967278,342
4294967279,552
46,4
4294967278,361
46,3
46,2
46,1
4294967278,255
4294967278,340
4294967278,339
4294967278,254
45,4
45,3
45,2
45,1
4294967279,551
4294967278,338
4294967294,388
4294967294,389
4294967294,115
4294967278,253
4294967278,250
44,4
4294967278,248
44,3
44,2
44,1
4294967278,247
4294967294,472
4294967278,246
4294967278,243
4294967278,240
4294967278,241
4294967278,238
4294967294,204
4294967294,198
4294967278,237
4294967278,360
4294967278,236
4294967278,232
43,5
4294967278,230
43,4
43,3
43,2
43,1
4294967278,228
4294967278,224
4294967278,222
4294967278,221
4294967294,396
4294967294,408
4294967294,397
4294967294,385
4294967294,178
4294967294,148
4294967294,406
4294967294,443
4294967294,167
4294967294,415
4294967294,1014
4294967294,112
4294967294,110
4294967294,461
4294967294,454
4294967294,180
4294967278,220
4294967294,128
4294967294,436
4294967294,435
4294967294,5
4294967294,50
4294967278,217
4294967279,550
4294967278,214
4294967278,215
4294967278,213
4294967294,38
4294967294,37
4294967294,36
4294967294,39
4294967294,1419
4294967294,1418
4294967294,393
4294967278,212
4294967278,359
4294967279,549
4294967278,211
4294967278,209
41,5
4294967278,208
41,4
41,3
41,2
41,1
4294967279,548
4294967279,0
4294967278,207
4294967294,40
4294967294,99
4294967294,41
4294967278,205
4294967278,204
4294967278,358
4294967294,8
4294967294,44
4294967294,120
4294967294,52
4294967294,471
4294967294,149
4294967294,92
4294967294,90
4294967294,87
4294967294,86
4294967278,203
4294967294,1414
4294967294,107
4294967294,43
4294967294,53
4294967294,416
4294967294,51
4294967294,84
4294967278,132
4294967278,131
4294967278,130
4294967278,129
4294967278,128
4294967278,127
4294967278,126
4294967278,125
